[array([[  3.06767744,  -5.43650331,   9.5594065 ,  -4.33050698,
         -5.25283676,  21.04409715,  10.46772048,  13.27026887,
          9.53915433,   1.2025739 ],
       [  4.4913967 ,  -8.98068816,  -0.67589664,  14.50206   ,
          9.59530263, -21.46839366,  -5.06485745,  -2.1370511 ,
          3.75499999,   3.26276811]]), array([[ 1.60685344,  4.83862022, -0.23227012,  3.99861265,  4.68789236,
        -4.37188676, -0.8297288 , -1.99040825, -0.70913008,  1.97644943],
       [-0.60155405,  3.26822302,  1.48113512, -3.77945481, -2.81897391,
         8.07345889,  2.78077457,  1.69346276, -0.25734454, -0.15058539]])][array([[  4.6249165 ,  -1.49195956,   9.5571634 ,  -0.93859015,
         -1.72124008,  18.0427148 ,  10.30994175,  12.03478734,
          9.28265277,   3.1512847 ],
       [  4.33948238,  -5.85459761,   0.54013749,  11.52335477,
          8.23490221, -14.94199283,  -2.86186775,  -0.82714596,
          3.9860062 ,   3.43991959]]), array([[ 1.55723906e+00,  3.94454375e+00, -2.24310172e-03,
         3.39191682e+00,  3.53159667e+00, -3.00138235e+00,
        -1.57778729e-01, -1.23548154e+00, -2.56501559e-01,
         1.94871079e+00],
       [-1.51914316e-01,  3.12609055e+00,  1.21603414e+00,
        -2.97870523e+00, -1.36040042e+00,  6.52640084e+00,
         2.20298971e+00,  1.30990515e+00,  2.31006211e-01,
         1.77151480e-01]])][array([[  6.29295241,   1.43840061,   9.54581659,   1.79290759,
          1.38354785,  15.70774139,  10.22627639,  11.79399149,
          9.57877978,   4.57460175],
       [  4.52388873,  -3.23426652,   1.62286047,   9.60045281,
          7.21263602, -10.16060621,  -1.03727516,   0.48944109,
          4.34396791,   3.72685974]]), array([[ 1.66803591,  2.93036017, -0.01134681,  2.73149774,  3.10478793,
        -2.3349734 , -0.08366537, -0.24079584,  0.29612701,  1.42331705],
       [ 0.18440635,  2.62033109,  1.08272297, -1.92290196, -1.02226619,
         4.78138662,  1.82459259,  1.31658705,  0.35796171,  0.28694015]])][array([[ 7.73658303,  4.05569884,  9.8814782 ,  4.55093836,  3.81327774,
        14.69610895, 10.53945405, 11.5917834 , 10.09433194,  6.49034562],
       [ 4.81762671, -0.8645694 ,  2.6189867 ,  8.86853015,  6.45419245,
        -6.4263954 ,  1.04298641,  1.60355873,  4.76907697,  4.40044277]]), array([[ 1.44363062,  2.61729823,  0.33566161,  2.75803077,  2.42972989,
        -1.01163244,  0.31317767, -0.20220809,  0.51555216,  1.91574387],
       [ 0.29373799,  2.36969713,  0.99612623, -0.73192266, -0.75844357,
         3.73421082,  2.08026157,  1.11411764,  0.42510906,  0.67358303]])][array([[ 8.80047461,  5.85422014, 10.77133066,  6.55283193,  6.20291023,
        14.14342389, 10.72776481, 11.5587413 , 10.82995695,  7.98156251],
       [ 5.36478455,  1.21197256,  3.88317529,  8.50001836,  6.6925667 ,
        -3.25513386,  2.28260521,  2.63523535,  5.44453947,  4.92628434]]), array([[ 1.06389158,  1.79852129,  0.88985245,  2.00189357,  2.38963249,
        -0.55268506,  0.18831076, -0.0330421 ,  0.73562502,  1.49121689],
       [ 0.54715783,  2.07654195,  1.26418859, -0.36851179,  0.23837425,
         3.17126153,  1.2396188 ,  1.03167662,  0.6754625 ,  0.52584157]])][array([[ 9.78835487,  7.5362678 , 11.30968842,  8.45431132,  7.62302592,
        13.99190513, 11.82615736, 12.23468486, 11.46312726,  9.24122194],
       [ 5.77932829,  2.90955871,  5.17121299,  8.18452609,  7.17830669,
        -0.59380327,  3.58855749,  4.21486976,  6.13765095,  5.56259517]]), array([[ 0.98788025,  1.68204766,  0.53835777,  1.90147939,  1.42011569,
        -0.15151875,  1.09839255,  0.67594355,  0.63317031,  1.25965944],
       [ 0.41454374,  1.69758615,  1.2880377 , -0.31549227,  0.48573999,
         2.66133059,  1.30595228,  1.57963441,  0.69311148,  0.63631083]])][array([[11.0937427 ,  9.52224729, 12.04791414, 10.2740268 ,  9.1400332 ,
        14.40388073, 12.01914355, 12.73420019, 12.25331967, 10.86008862],
       [ 6.37153859,  4.395294  ,  6.0803989 ,  8.66009703,  7.54965326,
         1.89116913,  5.18225714,  5.57490684,  6.8148613 ,  6.33832786]]), array([[1.30538784, 1.98597949, 0.73822572, 1.81971548, 1.51700728,
        0.41197559, 0.19298619, 0.49951533, 0.79019241, 1.61886667],
       [0.5922103 , 1.48573529, 0.90918592, 0.47557095, 0.37134657,
        2.4849724 , 1.59369965, 1.36003709, 0.67721035, 0.77573269]])][array([[11.92028965, 10.72047548, 12.70566377, 11.5691119 , 10.96473467,
        14.34250169, 12.65626784, 13.71928908, 12.7175916 , 11.79522565],
       [ 6.89892569,  5.7424526 ,  7.11396252,  9.23493508,  7.88368247,
         3.79574941,  6.47072275,  6.70855748,  7.75969329,  7.29322742]]), array([[ 0.82654694,  1.19822819,  0.65774963,  1.2950851 ,  1.82470147,
        -0.06137903,  0.63712429,  0.9850889 ,  0.46427193,  0.93513704],
       [ 0.5273871 ,  1.3471586 ,  1.03356362,  0.57483804,  0.33402921,
         1.90458028,  1.28846562,  1.13365064,  0.94483199,  0.95489955]])][array([[12.78227309, 12.23169699, 13.47575417, 12.44676208, 12.38830587,
        14.82388613, 13.91701921, 14.33126696, 13.94615909, 12.85793613],
       [ 8.09533468,  6.93967541,  8.10531189,  9.89228309,  8.67082028,
         5.58825151,  7.99487645,  7.59777331,  8.74977266,  8.50576107]]), array([[0.86198345, 1.51122151, 0.7700904 , 0.87765018, 1.4235712 ,
        0.48138444, 1.26075138, 0.61197788, 1.22856749, 1.06271047],
       [1.19640898, 1.19722281, 0.99134936, 0.65734801, 0.78713781,
        1.7925021 , 1.5241537 , 0.88921583, 0.99007937, 1.21253365]])][array([[14.11967187, 13.45698108, 14.53392966, 13.48941614, 13.61264006,
        15.54024097, 14.59071693, 14.92013956, 14.60068057, 14.07569393],
       [ 9.29545422,  8.35616154,  9.01466359, 10.41774516,  9.75782185,
         7.11035407,  9.14724315,  8.62435199,  9.49165727,  9.67046676]]), array([[1.33739878, 1.22528409, 1.05817549, 1.04265406, 1.22433419,
        0.71635483, 0.67369771, 0.58887259, 0.65452148, 1.2177578 ],
       [1.20011954, 1.41648614, 0.9093517 , 0.52546207, 1.08700157,
        1.52210256, 1.1523667 , 1.02657868, 0.74188461, 1.16470569]])][array([[15.25138219, 14.52738519, 15.15194711, 14.37676507, 14.62793679,
        16.3702761 , 15.34848902, 15.580681  , 15.45654041, 14.98883438],
       [10.45275775,  9.78445255, 10.02722326, 10.90652802, 10.657687  ,
         8.46370878, 10.16470211,  9.57923896, 10.4637594 , 10.76819824]]), array([[1.13171032, 1.07040412, 0.61801745, 0.88734892, 1.01529674,
        0.83003513, 0.7577721 , 0.66054144, 0.85585984, 0.91314045],
       [1.15730353, 1.42829101, 1.01255967, 0.48878286, 0.89986515,
        1.35335471, 1.01745897, 0.95488696, 0.97210214, 1.09773148]])][array([[15.81061429, 15.97004144, 16.43257821, 15.7222113 , 15.91169014,
        17.23636497, 16.3932525 , 16.22529107, 16.28580964, 16.075013  ],
       [11.37911312, 11.22608711, 11.04028051, 11.75611932, 11.53004851,
         9.85196097, 11.23714346, 10.72437005, 11.19230286, 11.49044078]]), array([[0.5592321 , 1.44265625, 1.28063111, 1.34544623, 1.28375335,
        0.86608888, 1.04476347, 0.64461008, 0.82926923, 1.08617861],
       [0.92635538, 1.44163455, 1.01305725, 0.8495913 , 0.87236151,
        1.38825219, 1.07244135, 1.1451311 , 0.72854346, 0.72224253]])][array([[16.70134732, 17.09413875, 17.70622294, 17.10267606, 16.77076852,
        18.30998871, 17.40300756, 17.32660735, 17.3120188 , 16.85226833],
       [12.25444101, 11.93397375, 12.01073416, 12.75997002, 12.48326822,
        11.26905624, 11.69063543, 11.83607711, 12.24770623, 12.42407244]]), array([[0.89073303, 1.12409731, 1.27364473, 1.38046476, 0.85907837,
        1.07362374, 1.00975507, 1.10131628, 1.02620916, 0.77725534],
       [0.87532788, 0.70788665, 0.97045365, 1.0038507 , 0.95321971,
        1.41709527, 0.45349196, 1.11170706, 1.05540338, 0.93363166]])][array([[17.90348909, 18.118134  , 18.59171352, 18.41603548, 17.6936076 ,
        18.96554637, 18.22480952, 18.50948625, 18.3989146 , 17.61258924],
       [13.37592812, 13.04391146, 12.89962238, 13.45431914, 13.45276314,
        12.51847826, 12.96425121, 13.04980758, 13.19525101, 13.31550798]]), array([[1.20214176, 1.02399525, 0.88549058, 1.31335942, 0.92283908,
        0.65555766, 0.82180196, 1.1828789 , 1.0868958 , 0.76032091],
       [1.12148711, 1.10993771, 0.88888822, 0.69434912, 0.96949492,
        1.24942201, 1.27361578, 1.21373047, 0.94754478, 0.89143554]])][array([[19.06095992, 19.41865724, 19.79436281, 19.19762546, 18.95517277,
        19.42070962, 19.22836508, 19.14030295, 19.54179636, 18.78376153],
       [14.50498393, 14.10780184, 13.88681635, 13.96506513, 14.29649374,
        13.90151959, 14.12613908, 14.06904639, 14.13025267, 14.43154127]]), array([[1.15747083, 1.30052324, 1.20264929, 0.78158998, 1.26156517,
        0.45516324, 1.00355556, 0.63081669, 1.14288175, 1.1711723 ],
       [1.1290558 , 1.06389038, 0.98719397, 0.51074599, 0.8437306 ,
        1.38304133, 1.16188788, 1.0192388 , 0.93500166, 1.11603329]])][array([[19.80710479, 20.43341427, 20.48698054, 19.73624063, 19.92708128,
        20.59697245, 20.07577882, 20.33324406, 20.47866172, 19.50085365],
       [15.48109044, 15.15903115, 14.72909775, 14.79542303, 15.4882459 ,
        14.74130536, 15.29740005, 15.22394124, 15.40933811, 15.33177202]]), array([[0.74614487, 1.01475703, 0.69261773, 0.53861518, 0.97190851,
        1.17626283, 0.84741374, 1.19294111, 0.93686536, 0.71709211],
       [0.97610652, 1.05122931, 0.8422814 , 0.8303579 , 1.19175216,
        0.83978577, 1.17126097, 1.15489485, 1.27908544, 0.90023075]])][array([[21.15468727, 21.60781372, 21.45890377, 20.65736446, 20.88736573,
        21.74548421, 21.00281474, 21.13687345, 21.76154002, 21.18393478],
       [15.93401257, 16.21357628, 15.95610229, 16.25169157, 16.47349574,
        15.86969239, 15.96951339, 16.00859778, 16.00876698, 16.29841004]]), array([[1.34758249, 1.17439945, 0.97192323, 0.92112382, 0.96028445,
        1.14851176, 0.92703593, 0.80362939, 1.2828783 , 1.68308113],
       [0.45292213, 1.05454513, 1.22700455, 1.45626854, 0.98524984,
        1.12838703, 0.67211334, 0.78465655, 0.59942888, 0.96663802]])][array([[22.45346807, 22.38132458, 22.57065333, 21.91600464, 21.93014383,
        22.8550265 , 22.06642125, 22.17806651, 22.79388243, 22.15829772],
       [17.12016268, 17.12807053, 17.15502716, 17.30499818, 17.6178447 ,
        17.01907266, 17.10021935, 17.04461251, 17.17050522, 17.43500212]]), array([[1.2987808 , 0.77351086, 1.11174956, 1.25864018, 1.0427781 ,
        1.10954229, 1.06360651, 1.04119306, 1.03234241, 0.97436294],
       [1.18615011, 0.91449425, 1.19892486, 1.05330661, 1.14434895,
        1.14938026, 1.13070595, 1.03601473, 1.16173824, 1.13659208]])][array([[23.49346598, 23.54197195, 23.4707276 , 23.28799085, 22.95118537,
        23.79430199, 23.29368002, 23.2591045 , 23.59381076, 23.4232159 ],
       [18.45691689, 18.25188611, 17.95968714, 18.02557516, 18.88295403,
        18.01749019, 18.56262698, 18.05734406, 18.57968667, 18.84512712]]), array([[1.0399979 , 1.16064737, 0.90007428, 1.37198621, 1.02104153,
        0.93927549, 1.22725877, 1.08103799, 0.79992833, 1.26491817],
       [1.33675421, 1.12381558, 0.80465998, 0.72057698, 1.26510934,
        0.99841753, 1.46240763, 1.01273155, 1.40918145, 1.410125  ]])][array([[24.56124152, 24.47024172, 24.34904841, 24.36511931, 24.09674445,
        24.55892371, 24.18406198, 24.14181877, 24.44122271, 24.31681992],
       [19.02325936, 19.30903575, 19.17666562, 18.96227488, 19.95703228,
        19.03928022, 19.57052029, 18.95847487, 19.18028356, 19.78135812]]), array([[1.06777554, 0.92826977, 0.87832081, 1.07712847, 1.14555908,
        0.76462172, 0.89038195, 0.88271427, 0.84741195, 0.89360402],
       [0.56634246, 1.05714964, 1.21697848, 0.93669972, 1.07407825,
        1.02179004, 1.00789331, 0.90113081, 0.60059689, 0.936231  ]])][array([[25.13668216, 25.29881583, 25.61993767, 25.24886405, 25.29796816,
        25.59482188, 25.23936084, 25.09809738, 25.36946154, 25.36053994],
       [19.92750016, 20.3452504 , 20.20228442, 19.94896641, 20.73346237,
        20.54655351, 20.55339737, 20.2526809 , 20.32431592, 20.88380799]]), array([[0.57544065, 0.82857411, 1.27088926, 0.88374474, 1.20122371,
        1.03589817, 1.05529886, 0.95627861, 0.92823883, 1.04372002],
       [0.90424081, 1.03621465, 1.0256188 , 0.98669153, 0.77643009,
        1.50727329, 0.98287707, 1.29420603, 1.14403237, 1.10244987]])][array([[25.9163687 , 26.35374329, 26.4175084 , 26.72771249, 26.42973347,
        26.72645267, 26.15445779, 26.52328384, 26.66243322, 26.70671521],
       [20.76904082, 21.36765971, 21.20594516, 20.94301156, 21.44166993,
        21.67721178, 21.46816324, 21.59870253, 21.17642098, 21.57366103]]), array([[0.77968654, 1.05492746, 0.79757073, 1.47884844, 1.13176531,
        1.1316308 , 0.91509696, 1.42518647, 1.29297168, 1.34617527],
       [0.84154065, 1.02240931, 1.00366074, 0.99404515, 0.70820757,
        1.13065826, 0.91476588, 1.34602163, 0.85210505, 0.68985304]])][array([[26.57838735, 27.22549994, 27.68985462, 27.68453376, 27.1531996 ,
        27.56754528, 27.57416084, 28.01480851, 27.65730868, 27.43533475],
       [21.73458035, 22.37423668, 22.31886682, 22.13542642, 22.61667741,
        22.87204013, 22.54567475, 22.31754554, 22.15808273, 22.61808706]]), array([[0.66201864, 0.87175665, 1.27234622, 0.95682127, 0.72346614,
        0.8410926 , 1.41970305, 1.49152467, 0.99487546, 0.72861954],
       [0.96553953, 1.00657697, 1.11292167, 1.19241486, 1.17500748,
        1.19482835, 1.0775115 , 0.71884301, 0.98166175, 1.04442602]])][array([[27.63564967, 28.37034897, 28.55033837, 28.4119598 , 28.41014707,
        28.76470589, 28.68543616, 28.91105066, 28.72334555, 28.62699238],
       [23.05464798, 23.23234942, 23.36587578, 22.80666854, 23.60540284,
        23.85244525, 23.74814905, 23.2843383 , 23.80558539, 23.67581683]]), array([[1.05726232, 1.14484903, 0.86048375, 0.72742604, 1.25694747,
        1.19716061, 1.11127532, 0.89624215, 1.06603687, 1.19165763],
       [1.32006763, 0.85811274, 1.04700896, 0.67124213, 0.98872543,
        0.98040512, 1.2024743 , 0.96679276, 1.64750266, 1.05772977]])][array([[29.11593772, 29.29789262, 29.28252457, 29.44014195, 29.27705457,
        30.1016755 , 29.54936734, 29.68798084, 29.50685134, 29.75475129],
       [24.12535579, 24.36188075, 24.30462236, 23.97486607, 24.60436084,
        24.76912452, 24.63632812, 24.45184279, 24.63241882, 24.63454768]]), array([[1.48028805, 0.92754365, 0.73218619, 1.02818216, 0.86690749,
        1.33696962, 0.86393118, 0.77693018, 0.78350579, 1.12775891],
       [1.0707078 , 1.12953133, 0.93874658, 1.16819752, 0.998958  ,
        0.91667927, 0.88817907, 1.16750448, 0.82683343, 0.95873084]])][array([[30.07198262, 30.59850366, 30.23786363, 30.4908048 , 30.27413153,
        30.69991033, 30.42940554, 30.94004552, 30.59143352, 30.94924277],
       [24.93237401, 25.50317177, 25.1898166 , 25.00617337, 25.81497885,
        25.88699497, 25.48193703, 25.4192347 , 25.52668139, 25.57208452]]), array([[0.9560449 , 1.30061104, 0.95533906, 1.05066284, 0.99707696,
        0.59823483, 0.8800382 , 1.25206468, 1.08458219, 1.19449149],
       [0.80701822, 1.14129102, 0.88519424, 1.0313073 , 1.21061801,
        1.11787045, 0.84560891, 0.96739192, 0.89426257, 0.93753684]])][array([[31.48633537, 31.64346486, 31.3302296 , 31.3231314 , 31.31554767,
        31.19031776, 31.07795326, 32.01609585, 31.81512046, 31.57981425],
       [26.00896073, 25.76309054, 26.31312337, 26.28513504, 26.85567729,
        26.79350943, 26.57009326, 26.4297164 , 26.55253296, 26.6301133 ]]), array([[1.41435275, 1.0449612 , 1.09236597, 0.83232661, 1.04141614,
        0.49040743, 0.64854773, 1.07605033, 1.22368693, 0.63057147],
       [1.07658672, 0.25991877, 1.12330677, 1.27896167, 1.04069844,
        0.90651447, 1.08815623, 1.0104817 , 1.02585157, 1.05802879]])][array([[31.958636  , 32.39010344, 32.0652195 , 32.54257519, 32.22538642,
        32.33002532, 32.26058142, 33.19093319, 32.86186419, 32.39468541],
       [27.05709793, 26.90740358, 27.53701731, 27.20382918, 27.87850972,
        27.53714995, 27.65340478, 27.30521611, 27.4581246 , 27.31408139]]), array([[0.47230063, 0.74663858, 0.7349899 , 1.21944379, 0.90983875,
        1.13970756, 1.18262816, 1.17483734, 1.04674373, 0.81487116],
       [1.0481372 , 1.14431304, 1.22389394, 0.91869414, 1.02283243,
        0.74364052, 1.08331153, 0.87549971, 0.90559165, 0.68396808]])][array([[33.01257137, 33.2815119 , 33.43236748, 33.53926085, 33.128286  ,
        33.455481  , 33.44167818, 34.13521086, 33.79808686, 33.43517806],
       [28.08436029, 27.77982138, 28.67229317, 28.53667095, 28.77227654,
        28.31669364, 28.87614791, 28.61111817, 28.61889361, 28.27430224]]), array([[1.05393537, 0.89140846, 1.36714799, 0.99668565, 0.90289959,
        1.12545568, 1.18109677, 0.94427767, 0.93622267, 1.04049265],
       [1.02726236, 0.8724178 , 1.13527585, 1.33284177, 0.89376682,
        0.77954369, 1.22274312, 1.30590205, 1.16076901, 0.96022085]])][array([[34.15988601, 34.27218937, 34.31402024, 34.34926891, 34.43367332,
        34.50067177, 34.57212084, 34.93915836, 34.66084329, 34.20343962],
       [29.00193483, 29.06720351, 30.25185135, 29.54927146, 29.85452029,
        29.26284893, 29.44628142, 29.43156301, 29.55107669, 29.51982712]]), array([[1.14731463, 0.99067746, 0.88165276, 0.81000806, 1.30538732,
        1.04519078, 1.13044265, 0.80394751, 0.86275643, 0.76826156],
       [0.91757453, 1.28738213, 1.57955819, 1.01260051, 1.08224374,
        0.9461553 , 0.57013352, 0.82044485, 0.93218308, 1.24552488]])][array([[34.93341363, 35.4304479 , 35.28735246, 35.17247227, 35.63233732,
        35.44536826, 35.40362997, 36.00542575, 35.14326468, 35.17090781],
       [30.06923715, 29.84560951, 31.03862405, 30.61145849, 30.83983653,
        30.41993365, 30.50590919, 30.34824558, 30.34773048, 30.3492429 ]]), array([[0.77352762, 1.15825853, 0.97333222, 0.82320336, 1.19866399,
        0.94469648, 0.83150913, 1.06626738, 0.48242139, 0.96746819],
       [1.06730232, 0.778406  , 0.78677269, 1.06218702, 0.98531625,
        1.15708472, 1.05962776, 0.91668257, 0.79665378, 0.82941578]])][array([[36.25282514, 36.40864507, 36.53982262, 36.27710176, 36.60214029,
        36.39485605, 36.34125528, 36.91493665, 36.19886552, 36.15337863],
       [31.24461076, 30.99507358, 31.69946988, 31.54480115, 31.79148762,
        31.57736998, 31.827542  , 31.64515359, 31.06059262, 31.52400565]]), array([[1.31941151, 0.97819718, 1.25247016, 1.10462948, 0.96980297,
        0.9494878 , 0.93762531, 0.9095109 , 1.05560084, 0.98247082],
       [1.17537361, 1.14946407, 0.66084584, 0.93334266, 0.95165109,
        1.15743632, 1.32163281, 1.29690801, 0.71286215, 1.17476275]])][array([[37.16181812, 37.15170151, 37.75062185, 37.21566087, 37.63952464,
        37.38670064, 37.23855266, 37.49627155, 37.03589158, 36.98536464],
       [32.27105246, 31.98735534, 32.70794485, 32.27878805, 32.72912131,
        32.4251493 , 32.95271486, 32.52438305, 31.96139162, 32.91103576]]), array([[0.90899298, 0.74305644, 1.21079923, 0.93855911, 1.03738435,
        0.99184458, 0.89729738, 0.5813349 , 0.83702606, 0.831986  ],
       [1.0264417 , 0.99228176, 1.00847496, 0.7339869 , 0.93763369,
        0.84777932, 1.12517286, 0.87922946, 0.900799  , 1.3870301 ]])][array([[37.93767965, 38.11398174, 38.94636193, 38.14717525, 38.94558461,
        38.36423137, 38.14498607, 38.51042997, 38.33475281, 38.14242011],
       [33.2791722 , 33.07894964, 33.81558108, 33.49267181, 33.72649459,
        33.32089523, 33.57514196, 33.41653404, 33.09967314, 33.79681819]]), array([[0.77586153, 0.96228023, 1.19574008, 0.93151439, 1.30605998,
        0.97753073, 0.90643341, 1.01415842, 1.29886123, 1.15705547],
       [1.00811974, 1.09159429, 1.10763624, 1.21388375, 0.99737328,
        0.89574593, 0.6224271 , 0.89215098, 1.13828153, 0.88578244]])][array([[39.27187612, 39.34495944, 39.7276922 , 39.35417308, 40.07389163,
        39.34301204, 39.11553419, 39.70711789, 39.04284761, 39.22189708],
       [34.14381324, 34.09920165, 34.62521213, 34.99303353, 34.78123104,
        34.3400654 , 34.53595919, 34.2371334 , 34.15849523, 34.70255071]]), array([[1.33419647, 1.23097769, 0.78133026, 1.20699782, 1.12830702,
        0.97878067, 0.97054812, 1.19668792, 0.7080948 , 1.07947697],
       [0.86464103, 1.02025202, 0.80963104, 1.50036172, 1.05473645,
        1.01917017, 0.96081723, 0.82059937, 1.05882209, 0.90573251]])][array([[40.49797302, 40.1823157 , 40.69310539, 40.27325292, 41.09608356,
        40.64846074, 40.1939487 , 40.73858436, 40.18412098, 40.04517321],
       [35.10609501, 35.37694054, 35.54829759, 36.0283444 , 35.74508865,
        35.50736696, 35.6875391 , 35.23197522, 35.27000992, 35.67976987]]), array([[1.2260969 , 0.83735626, 0.96541319, 0.91907984, 1.02219193,
        1.3054487 , 1.07841451, 1.03146646, 1.14127337, 0.82327613],
       [0.96228177, 1.27773889, 0.92308546, 1.03531087, 0.96385761,
        1.16730156, 1.15157991, 0.99484181, 1.11151469, 0.97721917]])][array([[41.48089947, 41.1581438 , 41.77497027, 41.23262744, 41.85635748,
        41.17056004, 41.32163756, 41.65046355, 41.50998353, 41.09730357],
       [36.09671132, 36.59493849, 36.24602585, 37.03319061, 36.4902933 ,
        36.36822115, 36.60962173, 36.27482733, 36.29658304, 36.45092654]]), array([[0.98292646, 0.9758281 , 1.08186489, 0.95937452, 0.76027392,
        0.5220993 , 1.12768886, 0.9118792 , 1.32586255, 1.05213036],
       [0.99061631, 1.21799795, 0.69772826, 1.00484621, 0.74520465,
        0.86085419, 0.92208263, 1.04285211, 1.02657312, 0.77115667]])][array([[42.55907485, 42.4576622 , 42.47180992, 42.41970249, 42.89580973,
        42.06402314, 42.68565185, 42.57770243, 42.47472739, 42.40245746],
       [37.47866052, 37.52712306, 37.39270954, 38.0933386 , 37.45095809,
        37.20385446, 37.77802541, 37.32795075, 37.22095746, 37.42763976]]), array([[1.07817538, 1.29951839, 0.69683964, 1.18707506, 1.03945225,
        0.8934631 , 1.36401429, 0.92723888, 0.96474385, 1.30515389],
       [1.3819492 , 0.93218457, 1.14668369, 1.06014799, 0.96066478,
        0.83563331, 1.16840368, 1.05312342, 0.92437443, 0.97671322]])][array([[43.720792  , 43.40059622, 43.43312249, 43.17750314, 43.91016221,
        42.86870664, 43.7302471 , 43.49624808, 43.21235802, 43.7282263 ],
       [38.51829247, 38.80138335, 38.79064476, 39.18300872, 38.35506126,
        38.19631482, 39.04026112, 38.46871974, 38.60907508, 38.46846151]]), array([[1.16171715, 0.94293402, 0.96131257, 0.75780065, 1.01435248,
        0.8046835 , 1.04459525, 0.91854565, 0.73763064, 1.32576884],
       [1.03963195, 1.27426029, 1.39793522, 1.08967012, 0.90410317,
        0.99246036, 1.26223572, 1.140769  , 1.38811761, 1.04082176]])][array([[44.72452506, 44.44176718, 44.40426578, 44.22774615, 44.8828053 ,
        44.23395723, 44.9079004 , 44.09046667, 44.66873192, 44.41390849],
       [39.49390619, 39.634989  , 39.76281644, 40.39747232, 39.50029431,
        39.44749259, 39.58215357, 39.24414784, 39.91407379, 39.55924628]]), array([[1.00373306, 1.04117096, 0.97114329, 1.050243  , 0.97264309,
        1.36525059, 1.1776533 , 0.59421859, 1.4563739 , 0.68568219],
       [0.97561373, 0.83360566, 0.97217168, 1.21446361, 1.14523305,
        1.25117777, 0.54189245, 0.7754281 , 1.30499871, 1.09078476]])][array([[45.63458444, 45.60127924, 45.66411504, 45.44264931, 45.97661214,
        45.4673473 , 45.87824499, 44.95462447, 45.32508972, 45.53425892],
       [40.56533338, 40.5022026 , 40.63601096, 41.68426965, 40.61807407,
        40.67181578, 40.4488166 , 40.13010661, 40.82635394, 40.23820343]]), array([[0.91005938, 1.15951207, 1.25984926, 1.21490316, 1.09380684,
        1.23339006, 0.97034459, 0.8641578 , 0.6563578 , 1.12035043],
       [1.07142719, 0.8672136 , 0.87319452, 1.28679732, 1.11777976,
        1.22432319, 0.86666303, 0.88595877, 0.91228016, 0.67895715]])][array([[46.77156559, 46.61968109, 46.47877408, 46.43531772, 46.84102085,
        46.48871041, 46.86020323, 46.10175108, 46.52806149, 46.39131931],
       [41.4542631 , 41.33579233, 41.69297504, 42.29930598, 41.89887849,
        41.75214992, 41.22934362, 41.33815541, 42.12730046, 40.938579  ]]), array([[1.13698115, 1.01840185, 0.81465903, 0.99266842, 0.86440872,
        1.02136311, 0.98195824, 1.1471266 , 1.20297177, 0.85706039],
       [0.88892972, 0.83358973, 1.05696408, 0.61503633, 1.28080442,
        1.08033414, 0.78052702, 1.20804881, 1.30094652, 0.70037557]])][array([[48.04282408, 47.78273531, 47.60273606, 47.88674269, 47.97298048,
        47.61156923, 47.95634267, 47.27236704, 47.58597532, 47.76263315],
       [42.13883308, 42.2919422 , 42.47202293, 43.31801507, 42.89571291,
        42.87573696, 42.2796193 , 42.34894768, 43.11674938, 41.53337465]]), array([[1.27125849, 1.16305422, 1.12396198, 1.45142497, 1.13195963,
        1.12285883, 1.09613945, 1.17061596, 1.05791383, 1.37131384],
       [0.68456997, 0.95614987, 0.77904789, 1.01870908, 0.99683441,
        1.12358704, 1.05027568, 1.01079226, 0.98944892, 0.59479565]])][array([[48.83281086, 48.68202497, 48.5561725 , 48.94676718, 48.61381811,
        48.86426302, 49.19190145, 48.50846138, 48.19533821, 49.14453324],
       [43.34402263, 43.2338555 , 43.49855672, 44.14158383, 43.70045715,
        43.66263364, 43.24519755, 43.38435142, 43.90113987, 42.51831443]]), array([[0.78998678, 0.89928966, 0.95343644, 1.06002449, 0.64083762,
        1.25269379, 1.23555878, 1.23609434, 0.60936288, 1.38190009],
       [1.20518955, 0.9419133 , 1.02653379, 0.82356877, 0.80474424,
        0.78689668, 0.96557825, 1.03540374, 0.78439049, 0.98493978]])][array([[49.60961979, 49.97844071, 49.62846428, 50.07370887, 49.55201335,
        49.85053901, 50.17258363, 49.52496449, 49.58219255, 49.97803355],
       [44.32600906, 44.52082508, 44.47747411, 44.96344736, 44.64776826,
        44.83150485, 44.4661612 , 44.48322116, 44.97099012, 43.71411896]]), array([[0.77680893, 1.29641574, 1.07229178, 1.12694169, 0.93819524,
        0.98627599, 0.98068218, 1.01650312, 1.38685435, 0.83350031],
       [0.98198643, 1.28696958, 0.9789174 , 0.82186352, 0.94731112,
        1.16887121, 1.22096365, 1.09886974, 1.06985025, 1.19580453]])][array([[50.48933697, 50.91168827, 50.78349042, 51.04474782, 51.16334967,
        50.8194974 , 51.24077909, 50.30394925, 51.0457072 , 50.68286926],
       [44.94448455, 45.54392186, 45.16658425, 45.88121748, 45.75778565,
        45.7457713 , 45.38610334, 45.75882589, 46.27267989, 44.83946195]]), array([[0.87971718, 0.93324756, 1.15502614, 0.97103895, 1.61133632,
        0.96895839, 1.06819547, 0.77898476, 1.46351465, 0.70483571],
       [0.61847549, 1.02309678, 0.68911014, 0.91777012, 1.11001739,
        0.91426645, 0.91994215, 1.27560473, 1.30168977, 1.12534299]])][array([[51.54557959, 51.78286621, 51.74462769, 51.81965545, 51.77161985,
        51.42322817, 52.09294082, 51.36567806, 52.28770582, 51.65373773],
       [45.82967497, 46.9971581 , 45.74024946, 46.48198535, 46.64033753,
        46.8792501 , 46.17317746, 46.72177433, 47.11045007, 46.06701352]]), array([[1.05624262, 0.87117794, 0.96113726, 0.77490763, 0.60827018,
        0.60373078, 0.85216172, 1.06172881, 1.24199862, 0.97086847],
       [0.88519043, 1.45323624, 0.5736652 , 0.60076787, 0.88255188,
        1.13347879, 0.78707411, 0.96294844, 0.83777018, 1.22755157]])][array([[52.44205375, 52.77307457, 52.64689479, 52.54526113, 52.84302851,
        52.25979835, 52.99874152, 52.49412276, 53.12607115, 52.68403066],
       [47.17430163, 48.37342888, 46.91722325, 47.7029492 , 47.62953318,
        47.56067321, 47.3344852 , 47.37924932, 47.99970665, 47.58516615]]), array([[0.89647416, 0.99020836, 0.9022671 , 0.72560568, 1.07140865,
        0.83657017, 0.9058007 , 1.1284447 , 0.83836533, 1.03029293],
       [1.34462665, 1.37627078, 1.1769738 , 1.22096385, 0.98919565,
        0.68142311, 1.16130774, 0.65747499, 0.88925658, 1.51815263]])][array([[53.41558505, 53.54291633, 53.70033741, 53.56106831, 53.73299316,
        53.51504391, 53.65670137, 53.56146268, 53.98488   , 53.50128595],
       [48.03877014, 48.92887416, 47.95212306, 48.15986409, 48.60194136,
        48.59685178, 48.29797023, 48.42671336, 48.99982701, 48.64052827]]), array([[0.9735313 , 0.76984176, 1.05344262, 1.01580718, 0.88996466,
        1.25524556, 0.65795985, 1.06733992, 0.85880885, 0.81725529],
       [0.86446851, 0.55544528, 1.03489981, 0.45691489, 0.97240818,
        1.03617857, 0.96348503, 1.04746404, 1.00012036, 1.05536212]])][array([[54.45564268, 54.62910579, 54.29694945, 54.35315284, 54.43543981,
        54.35187463, 54.59295341, 54.56616697, 54.88040286, 54.70083342],
       [49.41093769, 49.4828377 , 48.74320416, 49.08707059, 49.73745019,
        49.29100369, 49.33689918, 49.3013913 , 49.98952493, 49.41870406]]), array([[1.04005763, 1.08618946, 0.59661204, 0.79208452, 0.70244665,
        0.83683072, 0.93625204, 1.00470429, 0.89552286, 1.19954747],
       [1.37216755, 0.55396354, 0.7910811 , 0.9272065 , 1.13550883,
        0.69415191, 1.03892895, 0.87467794, 0.98969792, 0.77817579]])][array([[55.39840965, 55.91138679, 55.28540672, 55.2606989 , 55.0236774 ,
        55.6871857 , 55.53668221, 55.6492702 , 55.79032794, 55.77513683],
       [50.66740775, 50.24979371, 49.44647427, 50.45804635, 50.2470996 ,
        50.46016273, 50.38664675, 49.99617407, 50.41451269, 50.56787211]]), array([[0.94276697, 1.282281  , 0.98845728, 0.90754607, 0.58823758,
        1.33531107, 0.9437288 , 1.08310323, 0.90992508, 1.07430341],
       [1.25647006, 0.76695601, 0.70327011, 1.37097577, 0.50964942,
        1.16915905, 1.04974757, 0.69478277, 0.42498777, 1.14916805]])][array([[56.21256363, 56.65929268, 56.50915015, 56.14430981, 56.26181103,
        56.47592195, 56.3592475 , 56.43743277, 56.91960564, 57.12584065],
       [51.45518673, 51.17110561, 50.60725015, 51.24771074, 51.29201243,
        51.43029211, 51.5487035 , 51.2882941 , 51.16616321, 51.6032462 ]]), array([[0.81415398, 0.7479059 , 1.22374343, 0.88361091, 1.23813363,
        0.78873625, 0.8225653 , 0.78816256, 1.1292777 , 1.35070382],
       [0.78777898, 0.9213119 , 1.16077588, 0.78966438, 1.04491282,
        0.97012937, 1.16205675, 1.29212002, 0.75165051, 1.03537409]])][array([[57.05759428, 57.30960881, 57.27140803, 57.17091392, 57.21297689,
        57.33443819, 57.34545289, 57.78634498, 57.62123856, 58.03272541],
       [52.23225708, 52.09832767, 51.89207199, 52.64069389, 52.01393386,
        52.35463629, 52.05662835, 52.77849735, 52.23358887, 52.5256013 ]]), array([[0.84503066, 0.65031613, 0.76225788, 1.02660411, 0.95116586,
        0.85851623, 0.98620538, 1.34891222, 0.70163292, 0.90688476],
       [0.77707034, 0.92722206, 1.28482183, 1.39298315, 0.72192143,
        0.92434418, 0.50792485, 1.49020325, 1.06742566, 0.9223551 ]])][array([[58.02239858, 58.30377451, 58.23209496, 58.36023144, 58.32530473,
        58.15202539, 57.85289672, 58.93330209, 58.81501913, 58.70813937],
       [53.20667233, 53.37554352, 52.78359214, 53.39969405, 53.80161865,
        53.41024259, 53.05579434, 53.63134144, 53.39799145, 53.42498012]]), array([[0.9648043 , 0.9941657 , 0.96068693, 1.18931752, 1.11232784,
        0.8175872 , 0.50744383, 1.14695711, 1.19378056, 0.67541395],
       [0.97441525, 1.27721585, 0.89152016, 0.75900017, 1.78768479,
        1.0556063 , 0.99916599, 0.85284409, 1.16440259, 0.89937881]])][array([[59.12489284, 59.19814999, 58.97266227, 59.1254532 , 59.11301573,
        59.11979833, 59.11886358, 59.74149868, 59.74177955, 59.4872748 ],
       [54.50622489, 54.62066202, 53.98562805, 54.55694341, 54.79929358,
        54.76056981, 54.09630995, 54.88189477, 54.13039007, 54.7708221 ]]), array([[1.10249426, 0.89437548, 0.74056731, 0.76522176, 0.78771101,
        0.96777294, 1.26596687, 0.80819659, 0.92676042, 0.77913543],
       [1.29955257, 1.2451185 , 1.20203591, 1.15724936, 0.99767492,
        1.35032721, 1.0405156 , 1.25055333, 0.73239861, 1.34584198]])][array([[60.28563617, 60.20601698, 59.64139582, 60.10719977, 60.21568782,
        60.11879433, 60.05814427, 60.58126778, 60.45726   , 60.665504  ],
       [55.1864013 , 55.6401393 , 55.08954797, 55.84009595, 55.67417752,
        55.66238301, 55.34534785, 55.66706989, 54.83970812, 55.79256395]]), array([[1.16074334, 1.00786699, 0.66873355, 0.98174657, 1.10267209,
        0.99899601, 0.93928069, 0.8397691 , 0.71548045, 1.17822921],
       [0.68017641, 1.01947728, 1.10391992, 1.28315254, 0.87488394,
        0.9018132 , 1.24903791, 0.78517512, 0.70931805, 1.02174185]])][array([[61.42047252, 61.43457347, 60.99619797, 61.05016425, 60.98983454,
        61.0752457 , 61.12377716, 61.51621993, 61.29949483, 61.57212071],
       [56.42751727, 56.69373128, 56.06305584, 56.42870914, 56.46437275,
        56.56035005, 56.27635823, 56.67818644, 56.22651391, 56.44875176]]), array([[1.13483634, 1.22855649, 1.35480215, 0.94296449, 0.77414671,
        0.95645137, 1.06563289, 0.93495215, 0.84223483, 0.90661671],
       [1.24111597, 1.05359199, 0.97350787, 0.58861319, 0.79019523,
        0.89796704, 0.93101037, 1.01111655, 1.38680579, 0.65618781]])][array([[62.374767  , 62.71658623, 62.38016387, 61.94437068, 62.19695049,
        62.49668764, 62.39251985, 62.51327657, 61.73504387, 62.11887584],
       [57.67689281, 57.79643838, 57.29749399, 57.58411452, 57.64637273,
        58.20821984, 57.27906759, 57.34920803, 57.24691305, 57.40349074]]), array([[0.95429448, 1.28201276, 1.3839659 , 0.89420642, 1.20711595,
        1.42144193, 1.26874269, 0.99705664, 0.43554904, 0.54675513],
       [1.24937554, 1.10270709, 1.23443816, 1.15540538, 1.18199999,
        1.64786978, 1.00270936, 0.6710216 , 1.02039914, 0.95473898]])][array([[63.48137306, 63.42398936, 63.0178608 , 63.0008907 , 63.41960125,
        63.34194318, 63.14385138, 63.51800379, 62.53156203, 62.90206389],
       [58.57534402, 58.63884269, 58.44836287, 58.65396782, 58.73394786,
        59.13385849, 58.30264917, 58.24565499, 58.14534768, 58.52812537]]), array([[1.10660606, 0.70740313, 0.63769693, 1.05652002, 1.22265076,
        0.84525554, 0.75133152, 1.00472722, 0.79651815, 0.78318806],
       [0.89845121, 0.84240432, 1.15086887, 1.0698533 , 1.08757512,
        0.92563866, 1.02358159, 0.89644696, 0.89843462, 1.12463463]])][array([[64.62052491, 64.35112382, 63.90076652, 64.01353859, 64.2443003 ,
        64.56663276, 64.42689648, 64.31349504, 63.68803839, 64.1130748 ],
       [59.60178458, 59.83687231, 59.32923793, 59.50406357, 59.86536579,
        60.12185997, 59.15956057, 59.08669326, 59.40692888, 59.21811189]]), array([[1.13915185, 0.92713446, 0.88290573, 1.01264789, 0.82469906,
        1.22468958, 1.2830451 , 0.79549125, 1.15647636, 1.21101091],
       [1.02644056, 1.19802962, 0.88087507, 0.85009575, 1.13141793,
        0.98800148, 0.8569114 , 0.84103826, 1.2615812 , 0.68998652]])]