[array([[ 0.67481149,  1.47155615,  0.22535282,  0.31048285,  1.60911841,
        -1.28026919, -0.71234316,  1.15943176,  2.64984123,  1.84897549],
       [ 1.03415077,  3.1383008 ,  3.12029725, -0.6966566 ,  3.21804883,
         0.7896369 ,  2.34899896,  0.16790174, -0.31757513,  0.52420709]]), array([[0.95376469, 1.55972473, 0.75164395, 0.69898715, 1.17293362,
        0.56544215, 0.10387975, 1.29106438, 1.28264844, 1.43203227],
       [1.13139296, 1.46476097, 1.39744149, 0.3870863 , 1.50356658,
        0.89657517, 0.85299992, 0.78232576, 0.8442784 , 0.73830211]])][array([[ 1.68891623,  2.10941834,  1.1556787 ,  1.0146214 ,  3.35481914,
        -0.50516784,  0.18494002,  2.08873897,  3.7198801 ,  3.20303381],
       [ 2.24638323,  4.1943579 ,  4.38432528, -0.25324754,  4.88985272,
         2.01902558,  3.36114308,  1.04220434,  0.6094706 ,  1.57939407]]), array([[1.01410475, 0.63786219, 0.93032588, 0.70413854, 1.74570073,
        0.77510135, 0.89728318, 0.92930721, 1.07003888, 1.35405832],
       [1.21223246, 1.0560571 , 1.26402803, 0.44340906, 1.67180389,
        1.22938868, 1.01214412, 0.87430261, 0.92704573, 1.05518698]])][array([[2.79052036, 3.21238772, 1.84846894, 1.88913613, 4.77634546,
        0.28200733, 0.84410071, 2.82860425, 4.89761984, 4.36242253],
       [3.47470952, 5.32606489, 5.53802361, 0.34109227, 6.28182769,
        3.05708897, 4.53767041, 1.79611542, 1.39241768, 2.59031115]]), array([[1.10160413, 1.10296938, 0.69279024, 0.87451473, 1.42152632,
        0.78717518, 0.65916069, 0.73986528, 1.17773973, 1.15938872],
       [1.2283263 , 1.131707  , 1.15369833, 0.59433981, 1.39197497,
        1.03806338, 1.17652732, 0.75391108, 0.78294707, 1.01091708]])][array([[3.85781052, 4.19019095, 2.90431372, 3.25944807, 5.91197411,
        0.99313928, 1.45956846, 3.83802532, 6.11640366, 5.73217904],
       [4.1167096 , 6.58110233, 6.81402861, 1.28647298, 7.47438212,
        4.03979312, 5.78783908, 2.75338289, 2.20711418, 3.70224312]]), array([[1.06729016, 0.97780324, 1.05584478, 1.37031194, 1.13562865,
        0.71113195, 0.61546775, 1.00942107, 1.21878383, 1.36975651],
       [0.64200007, 1.25503743, 1.276005  , 0.94538071, 1.19255443,
        0.98270415, 1.25016867, 0.95726747, 0.8146965 , 1.11193197]])][array([[5.01018451, 5.36448756, 3.58530896, 4.13278244, 7.09796578,
        1.80222932, 2.07589096, 5.04184125, 7.20432529, 6.50111508],
       [5.13269837, 7.71000688, 8.05312022, 2.16088916, 8.72590095,
        4.97511271, 6.88972467, 3.64341081, 3.03912123, 4.85586814]]), array([[1.15237399, 1.17429661, 0.68099524, 0.87333437, 1.18599167,
        0.80909004, 0.6163225 , 1.20381593, 1.08792163, 0.76893604],
       [1.01598878, 1.12890455, 1.23909161, 0.87441618, 1.25151883,
        0.93531959, 1.10188559, 0.89002792, 0.83200706, 1.15362502]])][array([[5.44120657, 6.53813384, 4.24119374, 5.00476618, 8.47633623,
        2.5061814 , 3.01760763, 6.20906899, 8.18889593, 7.79225641],
       [5.71766982, 8.58887727, 9.20835485, 2.97415174, 9.87377943,
        5.75413859, 8.05287273, 4.35459175, 3.92201104, 5.91770053]]), array([[0.43102206, 1.17364628, 0.65588477, 0.87198373, 1.37837045,
        0.70395208, 0.94171666, 1.16722774, 0.98457064, 1.29114132],
       [0.58497144, 0.87887039, 1.15523464, 0.81326258, 1.14787848,
        0.77902588, 1.16314806, 0.71118094, 0.8828898 , 1.06183239]])][array([[ 6.25108366,  7.36448223,  5.04217924,  5.90542683,  9.7688471 ,
         3.52113428,  3.87734314,  7.27403021,  9.42351771,  9.25503961],
       [ 6.93433397,  9.77716124, 10.41378137,  3.62345407, 11.47070481,
         6.98805374,  9.35414789,  5.26553133,  4.88264153,  6.86958131]]), array([[0.80987709, 0.82634839, 0.80098551, 0.90066065, 1.29251087,
        1.01495288, 0.85973552, 1.06496122, 1.23462178, 1.46278321],
       [1.21666415, 1.18828397, 1.20542652, 0.64930234, 1.59692538,
        1.23391515, 1.30127517, 0.91093957, 0.9606305 , 0.95188078]])][array([[ 7.2671055 ,  8.11695834,  6.00769025,  6.697934  , 10.90568605,
         4.10407116,  4.71888237,  8.35228745, 10.56531906, 10.32857534],
       [ 7.75020269, 10.46157211, 11.72859102,  4.54241517, 12.3993126 ,
         8.1384937 , 10.04086644,  6.00826664,  5.63931212,  8.09876237]]), array([[1.01602184, 0.75247611, 0.96551101, 0.79250717, 1.13683895,
        0.58293688, 0.84153923, 1.07825724, 1.14180135, 1.07353573],
       [0.81586872, 0.68441087, 1.31480965, 0.9189611 , 0.92860779,
        1.15043996, 0.68671854, 0.74273532, 0.75667058, 1.22918106]])][array([[ 8.20706437,  9.02410788,  7.14744096,  7.70715664, 12.25155622,
         5.27415732,  5.65610196,  9.73028634, 11.30609137, 11.52376164],
       [ 8.94949248, 11.6691232 , 12.74927971,  5.90152583, 13.21245427,
         9.28355966, 10.92920478,  7.14884581,  6.76616903,  9.37131968]]), array([[0.93995887, 0.90714954, 1.13975071, 1.00922264, 1.34587017,
        1.17008615, 0.93721959, 1.37799889, 0.74077232, 1.19518631],
       [1.1992898 , 1.20755109, 1.02068869, 1.35911066, 0.81314167,
        1.14506596, 0.88833834, 1.14057917, 1.12685691, 1.27255731]])][array([[ 9.15373799, 10.06042091,  8.00830694,  8.54048685, 13.46538001,
         6.41116382,  6.56626466, 10.74161109, 12.40896746, 12.84434141],
       [ 9.62481114, 12.76965931, 13.71300375,  6.39880894, 14.44985582,
         9.95139906, 12.20288825,  8.12121878,  7.48279793, 10.55239582]]), array([[0.94667362, 1.03631303, 0.86086598, 0.83333021, 1.21382379,
        1.1370065 , 0.9101627 , 1.01132475, 1.10287609, 1.32057977],
       [0.67531866, 1.10053611, 0.96372405, 0.49728312, 1.23740155,
        0.6678394 , 1.27368347, 0.97237297, 0.7166289 , 1.18107614]])][array([[10.18517925, 11.25901241,  9.20481092,  9.75860271, 14.42306812,
         7.2719169 ,  7.53105811, 11.96630274, 13.49674421, 14.01299402],
       [10.92039023, 13.9010534 , 14.88525565,  7.57094539, 15.29990147,
        10.86233155, 13.35792991,  9.43041757,  8.61073371, 11.45099826]]), array([[1.03144126, 1.1985915 , 1.19650398, 1.21811586, 0.95768811,
        0.86075308, 0.96479345, 1.22469165, 1.08777675, 1.16865261],
       [1.29557909, 1.13139409, 1.17225189, 1.17213645, 0.85004566,
        0.91093249, 1.15504166, 1.30919878, 1.12793578, 0.89860244]])][array([[11.28846705, 12.20235841, 10.82914401, 10.46096871, 15.57381959,
         8.48841635,  8.34662328, 12.85258684, 14.60740689, 15.06365249],
       [11.58725778, 15.0953142 , 16.3774731 ,  8.78978381, 16.47069025,
        11.97018413, 14.49021492, 10.65786329,  9.3254297 , 12.38491255]]), array([[1.1032878 , 0.943346  , 1.62433309, 0.702366  , 1.15075147,
        1.21649945, 0.81556517, 0.8862841 , 1.11066268, 1.05065847],
       [0.66686755, 1.19426079, 1.49221745, 1.21883842, 1.17078877,
        1.10785258, 1.13228501, 1.22744572, 0.71469599, 0.93391429]])][array([[12.16259868, 13.10163365, 11.54674611, 11.60942804, 17.07404513,
         9.50743262,  9.2449319 , 13.56495007, 15.30548358, 16.05696361],
       [12.79704726, 15.78370044, 17.70178524,  9.4643674 , 17.81597236,
        12.64915357, 15.22239362, 11.64708509, 10.06186107, 13.7688457 ]]), array([[0.87413162, 0.89927524, 0.7176021 , 1.14845934, 1.50022554,
        1.01901627, 0.89830862, 0.71236323, 0.69807669, 0.99331112],
       [1.20978948, 0.68838624, 1.32431214, 0.67458358, 1.34528211,
        0.67896943, 0.73217871, 0.9892218 , 0.73643136, 1.38393315]])][array([[13.09089006, 14.38632132, 12.19139536, 12.55832384, 18.2325515 ,
        10.31639415,  9.69964953, 14.58725082, 16.04809691, 16.79138856],
       [13.49741736, 16.86259984, 19.06792387, 10.30744618, 18.81501983,
        13.49306127, 16.02677268, 12.91531065, 10.84875985, 14.82254443]]), array([[0.92829138, 1.28468767, 0.64464925, 0.94889579, 1.15850638,
        0.80896153, 0.45471763, 1.02230075, 0.74261332, 0.73442495],
       [0.7003701 , 1.0788994 , 1.36613863, 0.84307878, 0.99904748,
        0.8439077 , 0.80437906, 1.26822556, 0.78689878, 1.05369873]])][array([[14.11113395, 15.18050784, 13.38491191, 13.67883103, 19.38624654,
        11.07640691, 10.44542384, 15.38644541, 17.26592727, 17.84454396],
       [15.06874254, 18.25305306, 20.21343363, 11.09476461, 19.86291866,
        14.5081442 , 17.13014846, 14.04380862, 11.64570173, 15.75508997]]), array([[1.02024389, 0.79418652, 1.19351655, 1.12050719, 1.15369503,
        0.76001276, 0.74577431, 0.79919459, 1.21783036, 1.0531554 ],
       [1.57132518, 1.39045322, 1.14550976, 0.78731842, 1.04789883,
        1.01508294, 1.10337578, 1.12849798, 0.79694188, 0.93254553]])][array([[15.01529283, 16.14069608, 14.42857622, 14.84817891, 20.30521973,
        11.79079059, 11.09403371, 16.42865113, 18.31575966, 18.87095105],
       [16.13940172, 19.59610325, 21.04778477, 12.04670956, 21.38000078,
        15.44286617, 18.16879868, 14.9974992 , 12.53475144, 16.66535047]]), array([[0.90415888, 0.96018824, 1.04366431, 1.16934788, 0.91897319,
        0.71438369, 0.64860987, 1.04220572, 1.04983239, 1.02640709],
       [1.07065918, 1.3430502 , 0.83435114, 0.95194495, 1.51708212,
        0.93472197, 1.03865022, 0.95369057, 0.88904971, 0.91026051]])][array([[15.89365132, 17.1863394 , 15.11996519, 16.10414901, 21.5349862 ,
        12.41362966, 11.98899685, 17.47725812, 19.89733401, 19.69263135],
       [17.41812573, 20.89297831, 22.35859005, 13.17931935, 22.59481642,
        16.54850541, 19.49638302, 15.93475506, 13.47802491, 17.46741803]]), array([[0.8783585 , 1.04564333, 0.69138898, 1.25597011, 1.22976648,
        0.62283907, 0.89496313, 1.04860698, 1.58157435, 0.8216803 ],
       [1.27872401, 1.29687506, 1.31080527, 1.13260979, 1.21481564,
        1.10563924, 1.32758433, 0.93725587, 0.94327347, 0.80206756]])][array([[16.88412438, 18.28732758, 16.244457  , 17.53580504, 22.54872984,
        13.35878742, 12.57178571, 18.42357301, 20.79241867, 20.99522426],
       [18.36415926, 21.99701131, 23.54043062, 13.95767131, 23.51819025,
        17.47053635, 20.33989346, 17.06750563, 14.29556416, 18.26258406]]), array([[0.99047306, 1.10098818, 1.12449181, 1.43165602, 1.01374364,
        0.94515776, 0.58278886, 0.9463149 , 0.89508465, 1.30259291],
       [0.94603353, 1.10403299, 1.18184058, 0.77835196, 0.92337383,
        0.92203094, 0.84351044, 1.13275057, 0.81753926, 0.79516603]])][array([[17.7713637 , 19.47941606, 17.08727733, 18.56414774, 23.76533857,
        14.12088621, 13.21997463, 19.3561466 , 21.69512313, 22.1315557 ],
       [19.63121975, 22.84674971, 24.84708343, 14.66818325, 24.36710639,
        18.25446406, 21.47425023, 17.97928174, 15.13000405, 19.56202838]]), array([[0.88723932, 1.19208848, 0.84282033, 1.0283427 , 1.21660873,
        0.76209879, 0.64818892, 0.93257359, 0.90270447, 1.13633144],
       [1.26706048, 0.8497384 , 1.3066528 , 0.71051194, 0.84891614,
        0.78392771, 1.13435677, 0.91177611, 0.83443988, 1.29944432]])][array([[18.50662686, 20.67467806, 17.85478035, 19.6038526 , 25.13368763,
        14.67409317, 14.10489757, 20.67069497, 22.86026735, 23.093975  ],
       [20.33085024, 23.78021007, 25.83073562, 15.26105123, 25.01110569,
        19.34615018, 22.63890402, 19.08680276, 15.65646698, 20.81126104]]), array([[0.73526316, 1.195262  , 0.76750302, 1.03970486, 1.36834906,
        0.55320696, 0.88492294, 1.31454836, 1.16514422, 0.9624193 ],
       [0.69963049, 0.93346036, 0.98365219, 0.59286798, 0.6439993 ,
        1.09168612, 1.16465379, 1.10752102, 0.52646294, 1.24923266]])][array([[19.48670408, 22.03961766, 18.51844677, 20.69564131, 26.08916693,
        15.24668682, 14.85306809, 21.33755305, 23.88061813, 23.96510549],
       [21.31162852, 24.83089775, 27.09365233, 16.20956742, 26.01228139,
        20.39030529, 23.80020041, 20.10129254, 16.30498352, 21.47620303]]), array([[0.98007722, 1.3649396 , 0.66366642, 1.09178871, 0.9554793 ,
        0.57259364, 0.74817052, 0.66685808, 1.02035078, 0.87113049],
       [0.98077829, 1.05068768, 1.26291671, 0.94851619, 1.0011757 ,
        1.04415511, 1.16129639, 1.01448978, 0.64851654, 0.66494199]])][array([[20.07597581, 23.27047882, 19.21981398, 21.80858506, 27.02240891,
        15.92252162, 15.67036457, 22.32835255, 25.47180315, 24.9287161 ],
       [22.48146059, 25.90325527, 27.99503976, 17.21674097, 27.16623524,
        21.34148335, 25.11540591, 21.08142463, 16.99328357, 22.73208647]]), array([[0.58927174, 1.23086116, 0.70136721, 1.11294374, 0.93324198,
        0.6758348 , 0.81729647, 0.9907995 , 1.59118502, 0.96361061],
       [1.16983207, 1.07235752, 0.90138743, 1.00717355, 1.15395385,
        0.95117805, 1.3152055 , 0.98013209, 0.68830005, 1.25588344]])][array([[21.16454727, 24.40471798, 20.20964193, 22.53009356, 28.31304861,
        16.70753574, 16.30382486, 23.52233624, 26.33633193, 25.92840492],
       [23.55742014, 26.93239086, 29.10471046, 17.95409125, 28.34148697,
        22.54639193, 26.196407  , 21.88113638, 17.92261399, 23.33089861]]), array([[1.08857145, 1.13423916, 0.98982794, 0.72150851, 1.2906397 ,
        0.78501412, 0.63346029, 1.1939837 , 0.86452878, 0.99968882],
       [1.07595955, 1.02913559, 1.1096707 , 0.73735029, 1.17525173,
        1.20490859, 1.08100109, 0.79971175, 0.92933042, 0.59881214]])][array([[22.41465876, 25.58830445, 21.78816247, 23.41371981, 29.22983837,
        17.61954153, 17.7593259 , 24.75897221, 27.01625667, 27.64339465],
       [24.40947711, 28.09228308, 30.10607373, 18.97905489, 29.70458481,
        23.53571665, 27.249236  , 22.617601  , 19.12924915, 24.24424966]]), array([[1.25011149, 1.18358647, 1.57852054, 0.88362624, 0.91678976,
        0.91200579, 1.45550104, 1.23663597, 0.67992474, 1.71498973],
       [0.85205697, 1.15989221, 1.00136327, 1.02496364, 1.36309784,
        0.98932472, 1.052829  , 0.73646463, 1.20663516, 0.91335105]])][array([[23.74453886, 26.57441621, 22.51858959, 24.22063386, 30.19277501,
        18.15528207, 19.08348852, 25.98615642, 28.34054124, 28.72082998],
       [25.69752606, 28.49231788, 31.05548299, 19.9073216 , 31.07121455,
        24.49549966, 28.38454374, 23.57967177, 19.90140999, 24.98565548]]), array([[1.3298801 , 0.98611176, 0.73042713, 0.80691406, 0.96293664,
        0.53574055, 1.32416262, 1.22718421, 1.32428457, 1.07743534],
       [1.28804896, 0.40003481, 0.94940926, 0.9282667 , 1.36662974,
        0.959783  , 1.13530774, 0.96207076, 0.77216084, 0.74140582]])][array([[24.86415765, 28.04665538, 23.34694722, 25.10884731, 31.23792758,
        19.23576529, 19.74781839, 27.60229441, 29.3183164 , 29.69629651],
       [26.68709435, 29.4961358 , 31.84578232, 20.79241298, 31.75087551,
        25.36274232, 29.31917121, 24.94226855, 20.87278062, 25.87872987]]), array([[1.1196188 , 1.47223917, 0.82835762, 0.88821345, 1.04515257,
        1.08048322, 0.66432987, 1.61613798, 0.97777516, 0.97546653],
       [0.98956829, 1.00381791, 0.79029933, 0.88509138, 0.67966096,
        0.86724266, 0.93462748, 1.36259678, 0.97137063, 0.89307439]])][array([[25.5997852 , 28.79494234, 24.5779267 , 26.5683373 , 32.03880223,
        19.9154981 , 20.63679564, 29.06225949, 30.43257473, 30.78637596],
       [27.70253309, 30.78863607, 32.85938133, 21.67615072, 32.88528103,
        26.47542672, 30.46249138, 25.86549299, 21.77809255, 26.91739111]]), array([[0.73562755, 0.74828696, 1.23097948, 1.45948999, 0.80087466,
        0.67973281, 0.88897726, 1.45996508, 1.11425833, 1.09007944],
       [1.01543873, 1.29250027, 1.01359901, 0.88373775, 1.13440552,
        1.1126844 , 1.14332016, 0.92322444, 0.90531193, 1.03866124]])][array([[26.61657597, 30.20890884, 25.59444688, 27.57429652, 32.85388938,
        20.72219871, 21.16533215, 30.01406188, 31.24045426, 31.39842839],
       [28.55050511, 31.78532111, 34.20092248, 22.74643812, 33.88501781,
        27.66962282, 31.5619891 , 26.63319118, 22.89962256, 28.22697358]]), array([[1.01679077, 1.4139665 , 1.01652018, 1.00595922, 0.81508715,
        0.80670061, 0.52853651, 0.95180239, 0.80787953, 0.61205244],
       [0.84797203, 0.99668503, 1.34154116, 1.0702874 , 0.99973678,
        1.19419611, 1.09949772, 0.76769819, 1.12153002, 1.30958248]])][array([[27.50223894, 31.05834961, 26.57676422, 28.3408214 , 33.59023032,
        21.58900933, 22.00155627, 31.23002429, 32.39543065, 32.78267272],
       [29.37420658, 32.84008685, 34.98554134, 23.60661064, 34.85270533,
        28.6575424 , 32.623684  , 27.54955237, 23.81729444, 29.14208577]]), array([[0.88566297, 0.84944076, 0.98231735, 0.76652487, 0.73634094,
        0.86681063, 0.83622412, 1.21596241, 1.15497639, 1.38424433],
       [0.82370147, 1.05476575, 0.78461885, 0.86017252, 0.96768752,
        0.98791957, 1.0616949 , 0.91636119, 0.91767187, 0.91511218]])][array([[28.59224252, 32.20064471, 27.45550951, 28.9209915 , 34.63291163,
        22.6197874 , 22.79447528, 32.11752069, 33.31325492, 33.87039929],
       [30.57350313, 34.18245954, 36.30878666, 24.33760241, 36.21620848,
        29.86353102, 33.82020228, 28.61232947, 24.60349214, 30.41347588]]), array([[1.09000358, 1.14229511, 0.87874528, 0.5801701 , 1.04268132,
        1.03077806, 0.79291902, 0.88749641, 0.91782427, 1.08772657],
       [1.19929654, 1.34237268, 1.32324533, 0.73099177, 1.36350315,
        1.20598863, 1.19651828, 1.0627771 , 0.7861977 , 1.27139012]])][array([[29.39903773, 33.39357654, 28.42210038, 29.98819512, 35.72402018,
        23.46439265, 23.57922565, 33.30420328, 34.3705536 , 34.99460314],
       [31.58877241, 35.06280477, 37.37771282, 25.48064799, 36.96461294,
        30.86308979, 35.08951978, 29.82451767, 25.47790069, 31.53157065]]), array([[0.80679521, 1.19293182, 0.96659087, 1.06720363, 1.09110855,
        0.84460526, 0.78475037, 1.18668259, 1.05729868, 1.12420385],
       [1.01526928, 0.88034523, 1.06892615, 1.14304559, 0.74840446,
        0.99955877, 1.2693175 , 1.2121882 , 0.87440855, 1.11809477]])][array([[30.05856924, 34.48378554, 29.4690212 , 31.04141678, 36.81019537,
        24.36566904, 24.46186823, 34.74983139, 35.42208001, 35.55359856],
       [32.66031522, 36.11956978, 38.69355566, 26.23381467, 37.8919337 ,
        32.09617817, 36.284919  , 30.99360359, 26.4792293 , 32.64053542]]), array([[0.65953152, 1.090209  , 1.04692082, 1.05322166, 1.08617519,
        0.90127639, 0.88264258, 1.44562811, 1.0515264 , 0.55899542],
       [1.07154281, 1.05676501, 1.31584285, 0.75316668, 0.92732075,
        1.23308838, 1.19539922, 1.16908592, 1.00132861, 1.10896477]])][array([[31.10238417, 35.81588294, 30.17881051, 31.79619733, 38.18120738,
        25.77128715, 25.63402904, 35.81361873, 36.78488983, 36.80896916],
       [33.69885561, 37.00836146, 39.65555835, 27.33606641, 38.98278862,
        33.0396423 , 37.03805863, 32.31680293, 27.39161015, 33.82114655]]), array([[1.04381493, 1.3320974 , 0.70978931, 0.75478055, 1.37101202,
        1.40561811, 1.17216081, 1.06378734, 1.36280983, 1.2553706 ],
       [1.03854039, 0.88879168, 0.96200268, 1.10225174, 1.09085492,
        0.94346413, 0.75313963, 1.32319934, 0.91238085, 1.18061113]])][array([[32.36859932, 36.84390407, 30.93858594, 32.88794478, 39.25445564,
        26.73090368, 26.78230598, 36.53605014, 37.30300418, 37.99557302],
       [34.53373835, 38.05898186, 40.90043639, 28.17806913, 40.08086509,
        33.76669515, 37.96042301, 33.29482537, 28.54264628, 34.81789589]]), array([[1.26621515, 1.02802113, 0.75977544, 1.09174744, 1.07324826,
        0.95961652, 1.14827694, 0.72243141, 0.51811434, 1.18660386],
       [0.83488274, 1.0506204 , 1.24487805, 0.84200271, 1.09807647,
        0.72705284, 0.92236438, 0.97802243, 1.15103613, 0.99674934]])][array([[33.49352837, 37.77744268, 31.59055429, 33.68241222, 40.45152368,
        27.65573224, 27.61434419, 37.65559091, 38.45626119, 39.33014819],
       [35.67905591, 39.04577222, 41.96326274, 29.06698156, 41.67953471,
        34.1837147 , 38.6899679 , 34.03859281, 29.37592774, 35.92794833]]), array([[1.12492905, 0.93353861, 0.65196834, 0.79446745, 1.19706804,
        0.92482857, 0.83203821, 1.11954077, 1.15325702, 1.33457517],
       [1.14531756, 0.98679037, 1.06282635, 0.88891243, 1.59866962,
        0.41701955, 0.72954489, 0.74376744, 0.83328145, 1.11005244]])][array([[34.82827602, 38.74386056, 32.64966053, 35.05916143, 41.73210539,
        28.53985087, 28.44177759, 38.95624286, 39.48677656, 40.54886689],
       [36.58446221, 40.29427836, 43.25302004, 30.314039  , 42.32449004,
        35.13534964, 39.6408565 , 35.16178679, 30.21295343, 36.86586895]]), array([[1.33474765, 0.96641787, 1.05910624, 1.37674921, 1.28058171,
        0.88411863, 0.8274334 , 1.30065195, 1.03051537, 1.2187187 ],
       [0.90540629, 1.24850614, 1.2897573 , 1.24705744, 0.64495533,
        0.95163494, 0.9508886 , 1.12319398, 0.8370257 , 0.93792062]])][array([[35.82797879, 39.88382476, 33.98266947, 35.93074575, 43.1158731 ,
        29.66408763, 29.57441334, 39.85565572, 40.818965  , 41.89622855],
       [37.74624883, 41.64762066, 44.08616604, 31.33756377, 43.19393451,
        36.00639007, 40.70833245, 36.22694807, 31.33883217, 37.84303051]]), array([[0.99970277, 1.1399642 , 1.33300894, 0.87158432, 1.38376771,
        1.12423676, 1.13263575, 0.89941287, 1.33218844, 1.34736166],
       [1.16178662, 1.3533423 , 0.833146  , 1.02352477, 0.86944447,
        0.87104042, 1.06747596, 1.06516128, 1.12587874, 0.97716156]])][array([[36.84533351, 41.04519573, 35.0652633 , 36.65919938, 44.25687657,
        30.60334828, 30.37440924, 40.7296734 , 41.73936901, 42.83953955],
       [38.34863525, 42.75758528, 45.03151583, 32.12895599, 44.40784251,
        37.21509262, 41.43308668, 37.05175732, 32.51487411, 39.12868058]]), array([[1.01735473, 1.16137097, 1.08259383, 0.72845363, 1.14100347,
        0.93926065, 0.7999959 , 0.87401768, 0.92040401, 0.94331099],
       [0.60238642, 1.10996462, 0.94534979, 0.79139223, 1.213908  ,
        1.20870256, 0.72475423, 0.82480925, 1.17604194, 1.28565007]])][array([[37.90583317, 42.28352498, 36.1789028 , 37.54679315, 45.54156014,
        31.43038132, 31.5589024 , 41.56066333, 42.90179247, 43.68407373],
       [39.17732271, 44.05666647, 45.79810891, 33.1093804 , 45.83168424,
        38.24005224, 42.47696208, 37.64457638, 33.29251357, 40.06893054]]), array([[1.06049966, 1.23832925, 1.11363949, 0.88759377, 1.28468357,
        0.82703304, 1.18449316, 0.83098993, 1.16242346, 0.84453418],
       [0.82868746, 1.29908118, 0.76659308, 0.98042441, 1.42384173,
        1.02495962, 1.0438754 , 0.59281906, 0.77763947, 0.94024996]])][array([[39.06300117, 43.52619156, 37.08404465, 38.42600585, 46.76048892,
        32.63096925, 32.27152936, 42.51760972, 44.17991477, 44.78185298],
       [40.18024014, 45.09065019, 46.97569872, 34.32781132, 47.17929405,
        39.1826264 , 43.7179832 , 38.70687863, 34.06528845, 40.86232404]]), array([[1.15716799, 1.24266658, 0.90514185, 0.87921271, 1.21892878,
        1.20058793, 0.71262697, 0.95694639, 1.2781223 , 1.09777925],
       [1.00291743, 1.03398372, 1.17758981, 1.21843092, 1.34760981,
        0.94257416, 1.24102112, 1.06230225, 0.77277488, 0.79339351]])][array([[40.08254216, 44.81917622, 37.70492427, 39.23487067, 47.77901227,
        33.56312015, 33.21278918, 43.37901349, 44.97643454, 45.69665958],
       [40.78048148, 46.25725619, 48.13931064, 35.40964346, 48.34518524,
        40.30730069, 44.32473461, 39.48997524, 35.39471254, 41.80139675]]), array([[1.01954099, 1.29298465, 0.62087962, 0.80886481, 1.01852335,
        0.9321509 , 0.94125981, 0.86140377, 0.79651978, 0.9148066 ],
       [0.60024134, 1.166606  , 1.16361191, 1.08183214, 1.16589118,
        1.12467429, 0.60675141, 0.78309661, 1.32942409, 0.93907271]])][array([[40.65677025, 45.7619145 , 38.84894544, 40.62239267, 49.11192552,
        34.39139264, 34.16251358, 44.2310119 , 45.95984003, 47.00653459],
       [41.84728108, 47.17364302, 49.19187636, 36.44094491, 49.72396859,
        41.06746073, 45.24968614, 40.57775389, 36.33694121, 42.85726049]]), array([[0.57422809, 0.94273829, 1.14402116, 1.38752201, 1.33291325,
        0.82827249, 0.94972441, 0.8519984 , 0.98340549, 1.30987501],
       [1.0667996 , 0.91638683, 1.05256572, 1.03130145, 1.37878336,
        0.76016005, 0.92495153, 1.08777865, 0.94222867, 1.05586374]])][array([[41.74986853, 47.21374513, 39.70541609, 41.46637063, 50.53459171,
        35.24201622, 35.36567374, 45.40633706, 47.13457692, 47.73417892],
       [43.01707523, 48.07382742, 50.38675935, 37.43928955, 50.98853996,
        41.89909991, 46.2153957 , 41.68104208, 37.15883787, 44.03392326]]), array([[1.09309828, 1.45183062, 0.85647065, 0.84397795, 1.42266619,
        0.85062358, 1.20316016, 1.17532516, 1.17473689, 0.72764432],
       [1.16979415, 0.90018439, 1.194883  , 0.99834464, 1.26457137,
        0.83163918, 0.96570956, 1.10328819, 0.82189666, 1.17666277]])][array([[43.09873007, 47.89069148, 40.87024964, 42.27950728, 51.57647284,
        35.94910814, 36.332755  , 46.43646352, 48.32496818, 48.60104822],
       [44.39434464, 49.4146395 , 51.84995963, 38.15412294, 52.07847794,
        42.57928404, 46.96385716, 42.47067092, 38.13457775, 45.21374218]]), array([[1.34886154, 0.67694635, 1.16483355, 0.81313665, 1.04188113,
        0.70709192, 0.96708126, 1.03012646, 1.19039126, 0.8668693 ],
       [1.37726941, 1.34081208, 1.46320027, 0.71483339, 1.08993798,
        0.68018413, 0.74846145, 0.78962885, 0.97573988, 1.17981892]])][array([[44.34025973, 48.67605882, 41.55455347, 43.14625628, 52.85327428,
        37.25163597, 37.36378713, 47.54196522, 49.5593328 , 49.70009489],
       [45.62503299, 50.54191835, 53.09648267, 39.39523677, 53.19891777,
        43.87087109, 48.29433891, 43.97858366, 38.92518587, 46.19330825]]), array([[1.24152966, 0.78536733, 0.68430383, 0.866749  , 1.27680145,
        1.30252783, 1.03103213, 1.1055017 , 1.23436462, 1.09904667],
       [1.23068835, 1.12727885, 1.24652304, 1.24111383, 1.12043983,
        1.29158705, 1.33048176, 1.50791274, 0.79060812, 0.97956607]])][array([[45.35167885, 50.0270355 , 42.71305553, 44.35430279, 53.99413919,
        38.2393898 , 38.31143773, 48.74056687, 50.58680315, 50.86524101],
       [46.0083647 , 51.67505227, 54.03394244, 40.29532665, 54.57704429,
        44.64160257, 49.37757213, 44.8620428 , 39.84535703, 47.23140327]]), array([[1.01141912, 1.35097668, 1.15850206, 1.20804651, 1.14086491,
        0.98775383, 0.9476506 , 1.19860164, 1.02747035, 1.16514612],
       [0.38333171, 1.13313393, 0.93745977, 0.90008988, 1.37812652,
        0.77073148, 1.08323322, 0.88345914, 0.92017116, 1.03809502]])][array([[45.88888123, 50.75611754, 43.6877402 , 45.37009512, 55.16735426,
        39.14836039, 39.55558882, 49.64217872, 51.76796933, 52.17169953],
       [47.28218027, 52.62604261, 55.30931632, 41.43561239, 55.71976311,
        45.75928822, 50.27724563, 46.02227541, 40.49211741, 47.96355891]]), array([[0.53720238, 0.72908205, 0.97468468, 1.01579233, 1.17321507,
        0.9089706 , 1.24415108, 0.90161186, 1.18116618, 1.30645852],
       [1.27381557, 0.95099034, 1.27537388, 1.14028574, 1.14271881,
        1.11768564, 0.8996735 , 1.16023261, 0.64676039, 0.73215564]])][array([[47.01007405, 51.51221456, 44.86563973, 46.23315384, 56.37697921,
        40.07772854, 40.23586712, 50.87636972, 53.04610794, 53.4584324 ],
       [48.09023614, 53.74444111, 56.6375314 , 42.5405438 , 56.62508402,
        46.62955828, 51.22510118, 46.85099455, 41.44554169, 49.13583236]]), array([[1.12119282, 0.75609702, 1.17789953, 0.86305872, 1.20962495,
        0.92936815, 0.68027831, 1.234191  , 1.27813861, 1.28673287],
       [0.80805587, 1.1183985 , 1.32821508, 1.10493141, 0.90532092,
        0.87027006, 0.94785555, 0.82871914, 0.95342427, 1.17227345]])][array([[47.69171225, 52.42502418, 45.63591674, 47.39944758, 57.57120598,
        41.05667449, 41.13438234, 51.90160162, 53.96842572, 54.79922369],
       [49.01267436, 54.9810151 , 57.86083062, 43.35281773, 57.6700061 ,
        47.64354607, 52.50799898, 47.66131328, 42.41824729, 50.09584814]]), array([[0.68163821, 0.91280962, 0.770277  , 1.16629374, 1.19422677,
        0.97894595, 0.89851522, 1.02523189, 0.92231778, 1.3407913 ],
       [0.92243822, 1.23657399, 1.22329922, 0.81227393, 1.04492207,
        1.0139878 , 1.28289779, 0.81031873, 0.9727056 , 0.96001578]])][array([[48.61677548, 53.46414282, 46.67211384, 48.25618783, 58.51904515,
        42.26892365, 41.60604619, 53.12041965, 54.86149229, 55.94481071],
       [50.01287348, 55.83012734, 58.79528365, 44.35554172, 58.78674228,
        48.61948035, 53.41337991, 48.61066348, 43.19473817, 50.70747836]]), array([[0.92506323, 1.03911864, 1.03619711, 0.85674025, 0.94783917,
        1.21224916, 0.47166385, 1.21881804, 0.89306657, 1.14558701],
       [1.00019912, 0.84911224, 0.93445302, 1.00272399, 1.11673618,
        0.97593427, 0.90538093, 0.94935021, 0.77649089, 0.61163022]])][array([[49.65328201, 54.25295358, 47.48735037, 49.32602392, 59.32224314,
        43.41222325, 42.68903734, 54.00319054, 55.88690788, 56.59458724],
       [51.27619616, 56.91317862, 59.81701116, 44.70421192, 59.69609796,
        49.65151799, 54.00030008, 49.63104551, 43.94866431, 51.89479104]]), array([[1.03650653, 0.78881076, 0.81523653, 1.06983609, 0.80319799,
        1.1432996 , 1.08299115, 0.88277088, 1.02541558, 0.64977653],
       [1.26332268, 1.08305129, 1.02172752, 0.3486702 , 0.90935568,
        1.03203765, 0.58692017, 1.02038203, 0.75392614, 1.18731269]])][array([[50.7475632 , 55.09501852, 48.39175573, 49.99214963, 60.62172405,
        44.25564703, 43.79136261, 55.30987339, 56.89422837, 57.82702017],
       [52.55325583, 57.99495475, 61.01320743, 45.67054657, 60.69205182,
        50.48212434, 54.81040519, 50.73011924, 44.57589627, 52.85733859]]), array([[1.09428119, 0.84206494, 0.90440536, 0.66612571, 1.29948092,
        0.84342378, 1.10232527, 1.30668286, 1.0073205 , 1.23243294],
       [1.27705967, 1.08177613, 1.19619627, 0.96633465, 0.99595386,
        0.83060635, 0.81010512, 1.09907372, 0.62723196, 0.96254754]])][array([[52.10642503, 56.39208714, 49.52092114, 51.14926164, 61.90185473,
        45.58030843, 44.8561339 , 56.51642009, 58.0210366 , 58.67738598],
       [53.88582418, 58.67464517, 62.09356594, 46.47101726, 61.91423388,
        51.57003858, 55.98512829, 51.51549247, 45.45500131, 53.98263119]]), array([[1.35886183, 1.29706863, 1.1291654 , 1.15711201, 1.28013067,
        1.3246614 , 1.06477129, 1.2065467 , 1.12680822, 0.85036581],
       [1.33256835, 0.67969042, 1.08035851, 0.80047069, 1.22218207,
        1.08791424, 1.1747231 , 0.78537323, 0.87910504, 1.1252926 ]])][array([[52.89956659, 57.51545633, 50.55394604, 52.183794  , 63.09102704,
        46.95998741, 45.89880965, 57.47785498, 59.01613689, 59.91101255],
       [54.81311815, 59.64530757, 63.26477236, 47.46773292, 63.03147169,
        52.53912153, 56.8436005 , 52.35299351, 46.55005885, 55.12530981]]), array([[0.79314156, 1.12336919, 1.03302491, 1.03453236, 1.18917231,
        1.37967898, 1.04267575, 0.96143488, 0.99510029, 1.23362657],
       [0.92729396, 0.9706624 , 1.17120643, 0.99671566, 1.11723781,
        0.96908296, 0.85847221, 0.83750104, 1.09505754, 1.14267862]])][array([[53.74613901, 58.70424627, 51.8254099 , 53.10283167, 64.0940896 ,
        47.74257528, 46.93110107, 58.3988269 , 59.87745821, 61.0854968 ],
       [56.00173331, 60.8048515 , 64.27086082, 48.75645253, 64.39351571,
        53.67948572, 57.85444763, 53.51179748, 47.50608016, 56.07021943]]), array([[0.84657242, 1.18878993, 1.27146386, 0.91903768, 1.00306256,
        0.78258787, 1.03229142, 0.92097192, 0.86132133, 1.17448425],
       [1.18861516, 1.15954393, 1.00608845, 1.28871961, 1.36204401,
        1.14036418, 1.01084713, 1.15880397, 0.9560213 , 0.94490962]])][array([[54.74493203, 59.69094914, 53.07860347, 54.4053697 , 65.16190343,
        48.90585325, 47.73337839, 59.4260166 , 60.73807662, 61.90135182],
       [57.17722447, 61.83757163, 65.39657897, 49.72232333, 65.45545687,
        54.70060318, 58.90057778, 54.26082702, 48.3590458 , 57.2318106 ]]), array([[0.99879302, 0.98670287, 1.25319357, 1.30253803, 1.06781383,
        1.16327797, 0.80227732, 1.0271897 , 0.86061841, 0.81585501],
       [1.17549116, 1.03272014, 1.12571815, 0.9658708 , 1.06194116,
        1.02111747, 1.04613015, 0.74902954, 0.85296565, 1.16159116]])][array([[55.62761707, 60.6086417 , 54.01092284, 55.61823657, 66.11546818,
        49.95488019, 48.88453808, 59.98450813, 61.89321824, 63.08111504],
       [58.0741529 , 62.75298021, 66.45181073, 51.05947042, 66.42123551,
        55.65044807, 60.00598231, 55.02333292, 48.90491171, 58.07400285]]), array([[0.88268504, 0.91769256, 0.93231937, 1.21286687, 0.95356474,
        1.04902694, 1.15115969, 0.55849153, 1.15514161, 1.17976323],
       [0.89692843, 0.91540857, 1.05523176, 1.33714709, 0.96577864,
        0.94984488, 1.10540453, 0.7625059 , 0.54586591, 0.84219225]])][array([[56.60902676, 61.8586782 , 54.65839748, 56.74201283, 67.03230252,
        50.83931133, 49.73582295, 61.07437115, 62.92890107, 63.68671394],
       [59.3068321 , 63.99269942, 67.31402729, 51.94487878, 67.25372424,
        56.21289129, 61.10392815, 56.16839974, 49.93333438, 59.38929949]]), array([[0.98140969, 1.2500365 , 0.64747464, 1.12377626, 0.91683435,
        0.88443114, 0.85128487, 1.08986301, 1.03568283, 0.6055989 ],
       [1.2326792 , 1.23971921, 0.86221656, 0.88540836, 0.83248873,
        0.56244322, 1.09794584, 1.14506682, 1.02842267, 1.31529664]])][array([[57.62904119, 62.62407429, 55.4493443 , 57.53356799, 68.16962591,
        51.85826151, 50.45331722, 62.13426085, 63.79965548, 64.82650259],
       [60.10327841, 65.14309121, 68.58908755, 52.99933087, 68.73324878,
        57.86479034, 62.12483441, 56.95578111, 50.59819843, 60.97248615]]), array([[1.02001443, 0.76539609, 0.79094682, 0.79155516, 1.13732339,
        1.01895017, 0.71749427, 1.0598897 , 0.87075442, 1.13978865],
       [0.79644631, 1.15039179, 1.27506026, 1.05445209, 1.47952454,
        1.65189905, 1.02090626, 0.78738137, 0.66486405, 1.58318666]])][array([[58.29059267, 63.57339132, 56.19594508, 58.41644508, 69.02678936,
        52.94841809, 51.29830558, 63.5697423 , 65.07261229, 65.65942079],
       [61.22335232, 66.23625252, 69.36448166, 53.89493806, 70.05093257,
        58.57308594, 63.32305444, 58.17637293, 51.59213949, 61.89596402]]), array([[0.66155148, 0.94931704, 0.74660078, 0.88287708, 0.85716345,
        1.09015658, 0.84498836, 1.43548145, 1.27295681, 0.8329182 ],
       [1.1200739 , 1.09316131, 0.77539411, 0.89560719, 1.31768379,
        0.70829559, 1.19822003, 1.22059182, 0.99394106, 0.92347787]])]